  2.000000000000000E-003  2.000000000000000E-003  1.329170806948850E-002
  2.000000000000000E-003  0.307153750000000      -1.359897514118855E-002
  2.000000000000000E-003  0.612307500000000      -6.648550625018725E-003
  2.000000000000000E-003  0.917461250000000      -2.072897663948166E-003
  2.000000000000000E-003   1.22261500000000      -5.284609521052869E-004
  2.000000000000000E-003   1.52776875000000       1.828943312475270E-005
  2.000000000000000E-003   1.83292250000000       2.051462131503027E-004
  2.000000000000000E-003   2.13807625000000       6.485740111126602E-005
  2.000000000000000E-003   2.44323000000000      -1.765987958378208E-004
  2.000000000000000E-003   2.74838375000000      -8.982412456936861E-004
  2.000000000000000E-003   3.05353750000000      -2.200798407306331E-003
  2.000000000000000E-003   3.35869125000000      -3.108245557642762E-003
  2.000000000000000E-003   3.66384500000000      -1.848109171417952E-002
  2.000000000000000E-003   3.96899875000000      -3.104078212821706E-003
  2.000000000000000E-003   4.27415250000000      -2.189427261192337E-003
  2.000000000000000E-003   4.57930625000000      -8.935913689865730E-004
  2.000000000000000E-003   4.88446000000000      -1.766960465783726E-004
  2.000000000000000E-003   5.18961375000000       6.411965247743482E-005
  2.000000000000000E-003   5.49476750000000       2.034929721142189E-004
  2.000000000000000E-003   5.79992125000000       1.843639721873255E-005
  2.000000000000000E-003   6.10507500000000      -5.243016149928230E-004
  2.000000000000000E-003   6.41022875000000      -2.061732213762203E-003
  2.000000000000000E-003   6.71538250000000      -6.626947544727228E-003
  2.000000000000000E-003   7.02053625000000      -1.353106161255203E-002
  2.000000000000000E-003   7.32569000000000       1.316431497744264E-002
  0.307153750000000       2.000000000000000E-003 -1.360627783610801E-002
  0.307153750000000       0.307153750000000       4.387987305468762E-003
  0.307153750000000       0.612307500000000      -4.904193936095426E-004
  0.307153750000000       0.917461250000000      -9.062089096952929E-004
  0.307153750000000        1.22261500000000      -3.172993138417125E-004
  0.307153750000000        1.52776875000000       5.356508995990021E-005
  0.307153750000000        1.83292250000000       1.994319561998870E-004
  0.307153750000000        2.13807625000000       7.084948951386672E-005
  0.307153750000000        2.44323000000000      -1.237805952231852E-004
  0.307153750000000        2.74838375000000      -5.987600353577207E-004
  0.307153750000000        3.05353750000000      -1.171074544688177E-003
  0.307153750000000        3.35869125000000      -5.769990956048620E-004
  0.307153750000000        3.66384500000000       1.633521576702503E-003
  0.307153750000000        3.96899875000000      -4.585588130557211E-004
  0.307153750000000        4.27415250000000      -1.105895041181686E-003
  0.307153750000000        4.57930625000000      -5.723834707302567E-004
  0.307153750000000        4.88446000000000      -1.151974814604297E-004
  0.307153750000000        5.18961375000000       7.152135885003536E-005
  0.307153750000000        5.49476750000000       1.966713672796796E-004
  0.307153750000000        5.79992125000000       5.187836736090501E-005
  0.307153750000000        6.10507500000000      -3.152225755327127E-004
  0.307153750000000        6.41022875000000      -8.946972993897292E-004
  0.307153750000000        6.71538250000000      -4.537946588576757E-004
  0.307153750000000        7.02053625000000       4.473932649380089E-003
  0.307153750000000        7.32569000000000      -1.353410217065652E-002
  0.612307500000000       2.000000000000000E-003 -6.655310967968633E-003
  0.612307500000000       0.307153750000000      -4.940852551615318E-004
  0.612307500000000       0.612307500000000       7.591905820935897E-004
  0.612307500000000       0.917461250000000       5.002796489819786E-005
  0.612307500000000        1.22261500000000      -1.848645986759803E-005
  0.612307500000000        1.52776875000000       8.573616400395142E-005
  0.612307500000000        1.83292250000000       1.643790464422314E-004
  0.612307500000000        2.13807625000000       7.458366127513784E-005
  0.612307500000000        2.44323000000000       7.072695576631779E-005
  0.612307500000000        2.74838375000000      -1.364002038226458E-004
  0.612307500000000        3.05353750000000      -1.468060097231577E-004
  0.612307500000000        3.35869125000000       4.804274209289576E-004
  0.612307500000000        3.66384500000000       1.194082097881733E-003
  0.612307500000000        3.96899875000000       5.415660129366634E-004
  0.612307500000000        4.27415250000000      -9.542850707684997E-005
  0.612307500000000        4.57930625000000      -1.095833964144691E-004
  0.612307500000000        4.88446000000000       7.397588503630349E-005
  0.612307500000000        5.18961375000000       7.625892512505301E-005
  0.612307500000000        5.49476750000000       1.612502832231476E-004
  0.612307500000000        5.79992125000000       8.290144663314800E-005
  0.612307500000000        6.10507500000000      -1.945134729578493E-005
  0.612307500000000        6.41022875000000       5.489701155861942E-005
  0.612307500000000        6.71538250000000       7.773391232418748E-004
  0.612307500000000        7.02053625000000      -4.546466134079749E-004
  0.612307500000000        7.32569000000000      -6.630230804317297E-003
  0.917461250000000       2.000000000000000E-003 -2.071692702345915E-003
  0.917461250000000       0.307153750000000      -9.059695408190169E-004
  0.917461250000000       0.612307500000000       4.999154301589481E-005
  0.917461250000000       0.917461250000000       1.010485563032087E-004
  0.917461250000000        1.22261500000000       5.887639998142493E-005
  0.917461250000000        1.52776875000000       8.572078858723703E-005
  0.917461250000000        1.83292250000000       5.327341687278860E-005
  0.917461250000000        2.13807625000000       6.908984967588263E-005
  0.917461250000000        2.44323000000000       7.338739387765430E-005
  0.917461250000000        2.74838375000000       6.755643401898263E-005
  0.917461250000000        3.05353750000000       1.398451313734085E-004
  0.917461250000000        3.35869125000000       3.884595499403922E-004
  0.917461250000000        3.66384500000000       5.531942948227923E-004
  0.917461250000000        3.96899875000000       4.128806634576438E-004
  0.917461250000000        4.27415250000000       1.665856014859050E-004
  0.917461250000000        4.57930625000000       7.285837909693556E-005
  0.917461250000000        4.88446000000000       7.732171058914433E-005
  0.917461250000000        5.18961375000000       7.100765847018866E-005
  0.917461250000000        5.49476750000000       5.349428573952786E-005
  0.917461250000000        5.79992125000000       8.263853213909215E-005
  0.917461250000000        6.10507500000000       5.628104956481560E-005
  0.917461250000000        6.41022875000000       1.009581228403559E-004
  0.917461250000000        6.71538250000000       5.494829439587357E-005
  0.917461250000000        7.02053625000000      -8.941105604288193E-004
  0.917461250000000        7.32569000000000      -2.060602063990133E-003
   1.22261500000000       2.000000000000000E-003 -5.265112476283471E-004
   1.22261500000000       0.307153750000000      -3.164094689605268E-004
   1.22261500000000       0.612307500000000      -1.858861318584538E-005
   1.22261500000000       0.917461250000000       5.853516937336883E-005
   1.22261500000000        1.22261500000000       5.601188710398138E-005
   1.22261500000000        1.52776875000000       6.162949770163930E-005
   1.22261500000000        1.83292250000000       4.068130472359263E-005
   1.22261500000000        2.13807625000000       5.175046106968591E-005
   1.22261500000000        2.44323000000000       5.780122199966356E-005
   1.22261500000000        2.74838375000000       5.943604549716534E-005
   1.22261500000000        3.05353750000000       5.897608556097576E-005
   1.22261500000000        3.35869125000000       1.648562701027413E-004
   1.22261500000000        3.66384500000000       2.096881516616878E-004
   1.22261500000000        3.96899875000000       1.731724065332842E-004
   1.22261500000000        4.27415250000000       6.401932169729758E-005
   1.22261500000000        4.57930625000000       6.452650844572854E-005
   1.22261500000000        4.88446000000000       6.136957587873837E-005
   1.22261500000000        5.18961375000000       5.315655920177072E-005
   1.22261500000000        5.49476750000000       4.029687574755642E-005
   1.22261500000000        5.79992125000000       5.909055604746013E-005
   1.22261500000000        6.10507500000000       5.305589066906405E-005
   1.22261500000000        6.41022875000000       5.589625158227505E-005
   1.22261500000000        6.71538250000000      -1.971316230964809E-005
   1.22261500000000        7.02053625000000      -3.147441344488232E-004
   1.22261500000000        7.32569000000000      -5.230984951328261E-004
   1.52776875000000       2.000000000000000E-003  1.936332385213691E-005
   1.52776875000000       0.307153750000000       5.376879318820304E-005
   1.52776875000000       0.612307500000000       8.514622986718276E-005
   1.52776875000000       0.917461250000000       8.479846464404332E-005
   1.52776875000000        1.22261500000000       6.099294980918278E-005
   1.52776875000000        1.52776875000000       2.512472166022321E-005
   1.52776875000000        1.83292250000000       2.492381517067029E-005
   1.52776875000000        2.13807625000000       2.561199913693163E-005
   1.52776875000000        2.44323000000000       2.703070265708963E-005
   1.52776875000000        2.74838375000000       2.936225278660938E-005
   1.52776875000000        3.05353750000000       3.256362185149634E-005
   1.52776875000000        3.35869125000000       3.591610800428075E-005
   1.52776875000000        3.66384500000000       3.822312061871555E-005
   1.52776875000000        3.96899875000000       3.851922153106349E-005
   1.52776875000000        4.27415250000000       3.665991772895556E-005
   1.52776875000000        4.57930625000000       3.331819301319408E-005
   1.52776875000000        4.88446000000000       2.950723863005396E-005
   1.52776875000000        5.18961375000000       2.614016898283957E-005
   1.52776875000000        5.49476750000000       2.394720133203948E-005
   1.52776875000000        5.79992125000000       2.356516377723549E-005
   1.52776875000000        6.10507500000000       5.841997510089773E-005
   1.52776875000000        6.41022875000000       8.161996178014230E-005
   1.52776875000000        6.71538250000000       8.205869856351040E-005
   1.52776875000000        7.02053625000000       5.157516104408563E-005
   1.52776875000000        7.32569000000000       1.877605038020294E-005
   1.83292250000000       2.000000000000000E-003  2.052146591713553E-004
   1.83292250000000       0.307153750000000       1.987389266903004E-004
   1.83292250000000       0.612307500000000       1.631052244205280E-004
   1.83292250000000       0.917461250000000       5.272364906115143E-005
   1.83292250000000        1.22261500000000       4.045518994949272E-005
   1.83292250000000        1.52776875000000       2.491166944206664E-005
   1.83292250000000        1.83292250000000       9.476729850324153E-006
   1.83292250000000        2.13807625000000      -2.619885701933268E-006
   1.83292250000000        2.44323000000000      -9.460853506539895E-006
   1.83292250000000        2.74838375000000      -1.096563506027533E-005
   1.83292250000000        3.05353750000000      -8.731652324951874E-006
   1.83292250000000        3.35869125000000      -5.309428048077018E-006
   1.83292250000000        3.66384500000000      -3.143308312103657E-006
   1.83292250000000        3.96899875000000      -3.532429081146942E-006
   1.83292250000000        4.27415250000000      -6.024637525405694E-006
   1.83292250000000        4.57930625000000      -8.539835291474803E-006
   1.83292250000000        4.88446000000000      -8.232030481220502E-006
   1.83292250000000        5.18961375000000      -2.775277007099795E-006
   1.83292250000000        5.49476750000000       8.449520861602298E-006
   1.83292250000000        5.79992125000000       2.380532143524337E-005
   1.83292250000000        6.10507500000000       3.983560398597978E-005
   1.83292250000000        6.41022875000000       5.264993913701783E-005
   1.83292250000000        6.71538250000000       1.596696019919461E-004
   1.83292250000000        7.02053625000000       1.954821658242884E-004
   1.83292250000000        7.32569000000000       2.029099628560801E-004
   2.13807625000000       2.000000000000000E-003  6.295905508480827E-005
   2.13807625000000       0.307153750000000       6.906931520964765E-005
   2.13807625000000       0.612307500000000       7.328869453660530E-005
   2.13807625000000       0.917461250000000       6.844135983708151E-005
   2.13807625000000        1.22261500000000       5.167262898986089E-005
   2.13807625000000        1.52776875000000       2.585891797876497E-005
   2.13807625000000        1.83292250000000      -2.356533375470357E-006
   2.13807625000000        2.13807625000000      -2.617130144910076E-005
   2.13807625000000        2.44323000000000      -4.157767201152067E-005
   2.13807625000000        2.74838375000000      -4.831543026762093E-005
   2.13807625000000        3.05353750000000      -4.894477220664604E-005
   2.13807625000000        3.35869125000000      -4.706674522099442E-005
   2.13807625000000        3.66384500000000      -4.568399358938005E-005
   2.13807625000000        3.96899875000000      -4.613334910783598E-005
   2.13807625000000        4.27415250000000      -4.760305785025450E-005
   2.13807625000000        4.57930625000000      -4.726565301939404E-005
   2.13807625000000        4.88446000000000      -4.123663803923928E-005
   2.13807625000000        5.18961375000000      -2.641625960024415E-005
   2.13807625000000        5.49476750000000      -2.636605978647315E-006
   2.13807625000000        5.79992125000000       2.613096151986743E-005
   2.13807625000000        6.10507500000000       5.271449631178337E-005
   2.13807625000000        6.41022875000000       6.993782121863806E-005
   2.13807625000000        6.71538250000000       7.455330522839782E-005
   2.13807625000000        7.02053625000000       6.940862011446276E-005
   2.13807625000000        7.32569000000000       6.201523520196159E-005
   2.44323000000000       2.000000000000000E-003 -1.849658521810396E-004
   2.44323000000000       0.307153750000000      -1.308302211330389E-004
   2.44323000000000       0.612307500000000       6.948819756551154E-005
   2.44323000000000       0.917461250000000       7.312090402314141E-005
   2.44323000000000        1.22261500000000       5.832395414947281E-005
   2.44323000000000        1.52776875000000       2.792595224829844E-005
   2.44323000000000        1.83292250000000      -8.633769892648276E-006
   2.44323000000000        2.13807625000000      -4.111610464466571E-005
   2.44323000000000        2.44323000000000      -6.330360592214221E-005
   2.44323000000000        2.74838375000000      -7.446413452216440E-005
   2.44323000000000        3.05353750000000      -7.774268777285874E-005
   2.44323000000000        3.35869125000000      -7.742121247455599E-005
   2.44323000000000        3.66384500000000      -7.679328664809129E-005
   2.44323000000000        3.96899875000000      -7.714147444255540E-005
   2.44323000000000        4.27415250000000      -7.740613273798457E-005
   2.44323000000000        4.57930625000000      -7.429924730547528E-005
   2.44323000000000        4.88446000000000      -6.328314372883657E-005
   2.44323000000000        5.18961375000000      -4.086788449644915E-005
   2.44323000000000        5.49476750000000      -7.619643819041197E-006
   2.44323000000000        5.79992125000000       3.005971672409683E-005
   2.44323000000000        6.10507500000000       6.144726355129004E-005
   2.44323000000000        6.41022875000000       7.656627944889868E-005
   2.44323000000000        6.71538250000000       7.228435652935921E-005
   2.44323000000000        7.02053625000000      -1.230730000091451E-004
   2.44323000000000        7.32569000000000      -1.853167377087644E-004
   2.74838375000000       2.000000000000000E-003 -9.170048898869768E-004
   2.74838375000000       0.307153750000000      -6.108137543323873E-004
   2.74838375000000       0.612307500000000      -1.387648602880735E-004
   2.74838375000000       0.917461250000000       6.821227670747707E-005
   2.74838375000000        1.22261500000000       6.101837778034818E-005
   2.74838375000000        1.52776875000000       3.125996616392103E-005
   2.74838375000000        1.83292250000000      -9.344591800872666E-006
   2.74838375000000        2.13807625000000      -4.730252819008129E-005
   2.74838375000000        2.44323000000000      -7.406506983360533E-005
   2.74838375000000        2.74838375000000      -8.815254114633627E-005
   2.74838375000000        3.05353750000000      -9.304653175137555E-005
   2.74838375000000        3.35869125000000      -9.359394001405769E-005
   2.74838375000000        3.66384500000000      -9.338306541407598E-005
   2.74838375000000        3.96899875000000      -9.368836570163705E-005
   2.74838375000000        4.27415250000000      -9.324110560542558E-005
   2.74838375000000        4.57930625000000      -8.834886320668217E-005
   2.74838375000000        4.88446000000000      -7.395355116998230E-005
   2.74838375000000        5.18961375000000      -4.639137417194114E-005
   2.74838375000000        5.49476750000000      -7.166873705697888E-006
   2.74838375000000        5.79992125000000       3.485505501472826E-005
   2.74838375000000        6.10507500000000       6.566317415959899E-005
   2.74838375000000        6.41022875000000       7.304425791861255E-005
   2.74838375000000        6.71538250000000      -1.135481801529680E-004
   2.74838375000000        7.02053625000000      -5.857771655739313E-004
   2.74838375000000        7.32569000000000      -9.121936755372299E-004
   3.05353750000000       2.000000000000000E-003 -2.238713049343050E-003
   3.05353750000000       0.307153750000000      -1.185556265511619E-003
   3.05353750000000       0.612307500000000      -1.409344648788095E-004
   3.05353750000000       0.917461250000000       1.488657593238549E-004
   3.05353750000000        1.22261500000000       6.181133185248728E-005
   3.05353750000000        1.52776875000000       3.557960636495839E-005
   3.05353750000000        1.83292250000000      -6.271829934207815E-006
   3.05353750000000        2.13807625000000      -4.741485516492509E-005
   3.05353750000000        2.44323000000000      -7.707914582890003E-005
   3.05353750000000        2.74838375000000      -9.290218931701232E-005
   3.05353750000000        3.05353750000000      -9.852639916059662E-005
   3.05353750000000        3.35869125000000      -9.930536094643349E-005
   3.05353750000000        3.66384500000000      -9.918508387140833E-005
   3.05353750000000        3.96899875000000      -9.951591077155534E-005
   3.05353750000000        4.27415250000000      -9.885449137688104E-005
   3.05353750000000        4.57930625000000      -9.312103396387840E-005
   3.05353750000000        4.88446000000000      -7.681082214019585E-005
   3.05353750000000        5.18961375000000      -4.620758232283038E-005
   3.05353750000000        5.49476750000000      -3.781837408481366E-006
   3.05353750000000        5.79992125000000       3.937668670021520E-005
   3.05353750000000        6.10507500000000       6.649855784234035E-005
   3.05353750000000        6.41022875000000       1.741290581418579E-004
   3.05353750000000        6.71538250000000      -9.221849886473648E-005
   3.05353750000000        7.02053625000000      -1.123399825311983E-003
   3.05353750000000        7.32569000000000      -2.226523813464061E-003
   3.35869125000000       2.000000000000000E-003 -3.162698494710068E-003
   3.35869125000000       0.307153750000000      -5.657499215245511E-004
   3.35869125000000       0.612307500000000       5.108261758857958E-004
   3.35869125000000       0.917461250000000       4.090605076443598E-004
   3.35869125000000        1.22261500000000       1.751156989675345E-004
   3.35869125000000        1.52776875000000       3.979479980260475E-005
   3.35869125000000        1.83292250000000      -2.221713665586792E-006
   3.35869125000000        2.13807625000000      -4.517877622354419E-005
   3.35869125000000        2.44323000000000      -7.662781412372732E-005
   3.35869125000000        2.74838375000000      -9.345875013230272E-005
   3.35869125000000        3.05353750000000      -9.936476590040173E-005
   3.35869125000000        3.35869125000000      -1.000812591573075E-004
   3.35869125000000        3.66384500000000      -9.988125996282380E-005
   3.35869125000000        3.96899875000000      -1.002321838209144E-004
   3.35869125000000        4.27415250000000      -9.958616923151490E-005
   3.35869125000000        4.57930625000000      -9.358080132187360E-005
   3.35869125000000        4.88446000000000      -7.640149356136164E-005
   3.35869125000000        5.18961375000000      -4.433455229498029E-005
   3.35869125000000        5.49476750000000      -5.757139981015851E-007
   3.35869125000000        5.79992125000000       4.222853130896264E-005
   3.35869125000000        6.10507500000000       1.829343753207173E-004
   3.35869125000000        6.41022875000000       4.322907807654175E-004
   3.35869125000000        6.71538250000000       5.688838218261966E-004
   3.35869125000000        7.02053625000000      -4.540050201189862E-004
   3.35869125000000        7.32569000000000      -3.158449751912366E-003
   3.66384500000000       2.000000000000000E-003 -1.850859711833882E-002
   3.66384500000000       0.307153750000000       1.695730910629264E-003
   3.66384500000000       0.612307500000000       1.243435457218440E-003
   3.66384500000000       0.917461250000000       5.790361657946465E-004
   3.66384500000000        1.22261500000000       2.220283906869798E-004
   3.66384500000000        1.52776875000000       4.237541541068559E-005
   3.66384500000000        1.83292250000000       1.405555982477335E-007
   3.66384500000000        2.13807625000000      -4.369103405262771E-005
   3.66384500000000        2.44323000000000      -7.597541159962639E-005
   3.66384500000000        2.74838375000000      -9.327646356691069E-005
   3.66384500000000        3.05353750000000      -9.929678761900533E-005
   3.66384500000000        3.35869125000000      -9.993868512069563E-005
   3.66384500000000        3.66384500000000      -9.963811209736362E-005
   3.66384500000000        3.96899875000000      -9.994658754672302E-005
   3.66384500000000        4.27415250000000      -9.931151296122395E-005
   3.66384500000000        4.57930625000000      -9.329620768363831E-005
   3.66384500000000        4.88446000000000      -7.599771467756756E-005
   3.66384500000000        5.18961375000000      -4.371226087966957E-005
   3.66384500000000        5.49476750000000       1.255494675531149E-007
   3.66384500000000        5.79992125000000       4.237214817866320E-005
   3.66384500000000        6.10507500000000       2.220647180352415E-004
   3.66384500000000        6.41022875000000       5.792635090981674E-004
   3.66384500000000        6.71538250000000       1.243924302192155E-003
   3.66384500000000        7.02053625000000       1.695809602138073E-003
   3.66384500000000        7.32569000000000      -1.850872995370810E-002
   3.96899875000000       2.000000000000000E-003 -3.158258563608521E-003
   3.96899875000000       0.307153750000000      -4.538207737696073E-004
   3.96899875000000       0.612307500000000       5.688344869955451E-004
   3.96899875000000       0.917461250000000       4.322250057961489E-004
   3.96899875000000        1.22261500000000       1.829736688658122E-004
   3.96899875000000        1.52776875000000       4.223561905178935E-005
   3.96899875000000        1.83292250000000      -5.612755783358724E-007
   3.96899875000000        2.13807625000000      -4.431692264168913E-005
   3.96899875000000        2.44323000000000      -7.638463963104998E-005
   3.96899875000000        2.74838375000000      -9.356772703668644E-005
   3.96899875000000        3.05353750000000      -9.957910000790012E-005
   3.96899875000000        3.35869125000000      -1.002326584122726E-004
   3.96899875000000        3.66384500000000      -9.988977591434608E-005
   3.96899875000000        3.96899875000000      -1.000970358451240E-004
   3.96899875000000        4.27415250000000      -9.938616237831167E-005
   3.96899875000000        4.57930625000000      -9.348396210398891E-005
   3.96899875000000        4.88446000000000      -7.665487253419067E-005
   3.96899875000000        5.18961375000000      -4.520452665785478E-005
   3.96899875000000        5.49476750000000      -2.240879830430452E-006
   3.96899875000000        5.79992125000000       3.978875156440470E-005
   3.96899875000000        6.10507500000000       1.752017257595660E-004
   3.96899875000000        6.41022875000000       4.094031513530172E-004
   3.96899875000000        6.71538250000000       5.116343493829919E-004
   3.96899875000000        7.02053625000000      -5.646503434886003E-004
   3.96899875000000        7.32569000000000      -3.162479622078227E-003
   4.27415250000000       2.000000000000000E-003 -2.225716377172397E-003
   4.27415250000000       0.307153750000000      -1.122963605352580E-003
   4.27415250000000       0.612307500000000      -9.205934238185241E-005
   4.27415250000000       0.917461250000000       1.741876092673853E-004
   4.27415250000000        1.22261500000000       6.651258510388790E-005
   4.27415250000000        1.52776875000000       3.939279645454832E-005
   4.27415250000000        1.83292250000000      -3.765716098072427E-006
   4.27415250000000        2.13807625000000      -4.619372726346412E-005
   4.27415250000000        2.44323000000000      -7.680073881965503E-005
   4.27415250000000        2.74838375000000      -9.311579337303341E-005
   4.27415250000000        3.05353750000000      -9.885535468040493E-005
   4.27415250000000        3.35869125000000      -9.952414112302107E-005
   4.27415250000000        3.66384500000000      -9.920103392386629E-005
   4.27415250000000        3.96899875000000      -9.932794078171848E-005
   4.27415250000000        4.27415250000000      -9.855367590207323E-005
   4.27415250000000        4.57930625000000      -9.293249568286774E-005
   4.27415250000000        4.88446000000000      -7.711124960027291E-005
   4.27415250000000        5.18961375000000      -4.744657822169893E-005
   4.27415250000000        5.49476750000000      -6.298358472376352E-006
   4.27415250000000        5.79992125000000       3.556552546651894E-005
   4.27415250000000        6.10507500000000       6.181634007265419E-005
   4.27415250000000        6.41022875000000       1.491628110373311E-004
   4.27415250000000        6.71538250000000      -1.402891851078901E-004
   4.27415250000000        7.02053625000000      -1.184589969648316E-003
   4.27415250000000        7.32569000000000      -2.237939893263357E-003
   4.57930625000000       2.000000000000000E-003 -9.116769755907775E-004
   4.57930625000000       0.307153750000000      -5.854183499936117E-004
   4.57930625000000       0.612307500000000      -1.133654014505922E-004
   4.57930625000000       0.917461250000000       7.308042643628977E-005
   4.57930625000000        1.22261500000000       6.569570497105480E-005
   4.57930625000000        1.52776875000000       3.488080368868784E-005
   4.57930625000000        1.83292250000000      -7.150082278006475E-006
   4.57930625000000        2.13807625000000      -4.638326217557921E-005
   4.57930625000000        2.44323000000000      -7.395201022105698E-005
   4.57930625000000        2.74838375000000      -8.835206134667589E-005
   4.57930625000000        3.05353750000000      -9.324906641351310E-005
   4.57930625000000        3.35869125000000      -9.370258096906622E-005
   4.57930625000000        3.66384500000000      -9.340466150097805E-005
   4.57930625000000        3.96899875000000      -9.362230268390767E-005
   4.57930625000000        4.27415250000000      -9.307970514424187E-005
   4.57930625000000        4.57930625000000      -8.818874463461930E-005
   4.57930625000000        4.88446000000000      -7.410336611172585E-005
   4.57930625000000        5.18961375000000      -4.734148456745503E-005
   4.57930625000000        5.49476750000000      -9.380034625661698E-006
   4.57930625000000        5.79992125000000       3.123555089693036E-005
   4.57930625000000        6.10507500000000       6.101325059015950E-005
   4.57930625000000        6.41022875000000       6.823090801802679E-005
   4.57930625000000        6.71538250000000      -1.383851894248761E-004
   4.57930625000000        7.02053625000000      -6.102851075059835E-004
   4.57930625000000        7.32569000000000      -9.165507217248281E-004
   4.88446000000000       2.000000000000000E-003 -1.851256081700663E-004
   4.88446000000000       0.307153750000000      -1.229000857533851E-004
   4.88446000000000       0.612307500000000       7.234072807452569E-005
   4.88446000000000       0.917461250000000       7.662053063028129E-005
   4.88446000000000        1.22261500000000       6.149233148622023E-005
   4.88446000000000        1.52776875000000       3.008933584419072E-005
   4.88446000000000        1.83292250000000      -7.607398346707008E-006
   4.88446000000000        2.13807625000000      -4.086953789567312E-005
   4.88446000000000        2.44323000000000      -6.329231642510956E-005
   4.88446000000000        2.74838375000000      -7.431092539102467E-005
   4.88446000000000        3.05353750000000      -7.741947187549981E-005
   4.88446000000000        3.35869125000000      -7.715915909086235E-005
   4.88446000000000        3.66384500000000      -7.681838057003315E-005
   4.88446000000000        3.96899875000000      -7.745440199629081E-005
   4.88446000000000        4.27415250000000      -7.778209857227904E-005
   4.88446000000000        4.57930625000000      -7.450725753700527E-005
   4.88446000000000        4.88446000000000      -6.334885860870471E-005
   4.88446000000000        5.18961375000000      -4.116210995289369E-005
   4.88446000000000        5.49476750000000      -8.676997117913417E-006
   4.88446000000000        5.79992125000000       2.789250877454997E-005
   4.88446000000000        6.10507500000000       5.830896107175722E-005
   4.88446000000000        6.41022875000000       7.313042364426713E-005
   4.88446000000000        6.71538250000000       6.952207695984208E-005
   4.88446000000000        7.02053625000000      -1.305797884639555E-004
   4.88446000000000        7.32569000000000      -1.847510824543859E-004
   5.18961375000000       2.000000000000000E-003  6.206278961380338E-005
   5.18961375000000       0.307153750000000       6.946465797872286E-005
   5.18961375000000       0.612307500000000       7.461477146322002E-005
   5.18961375000000       0.917461250000000       6.999647403962208E-005
   5.18961375000000        1.22261500000000       5.275935368683552E-005
   5.18961375000000        1.52776875000000       2.615366862072440E-005
   5.18961375000000        1.83292250000000      -2.637005147384075E-006
   5.18961375000000        2.13807625000000      -2.643274522757102E-005
   5.18961375000000        2.44323000000000      -4.125861048714757E-005
   5.18961375000000        2.74838375000000      -4.728537808935465E-005
   5.18961375000000        3.05353750000000      -4.761965197099454E-005
   5.18961375000000        3.35869125000000      -4.615172827720954E-005
   5.18961375000000        3.66384500000000      -4.571012218778832E-005
   5.18961375000000        3.96899875000000      -4.710316075783532E-005
   5.18961375000000        4.27415250000000      -4.898959174612237E-005
   5.18961375000000        4.57930625000000      -4.836472435096767E-005
   5.18961375000000        4.88446000000000      -4.162827246176783E-005
   5.18961375000000        5.18961375000000      -2.622124091080044E-005
   5.18961375000000        5.49476750000000      -2.403048171517866E-006
   5.18961375000000        5.79992125000000       2.582128032939300E-005
   5.18961375000000        6.10507500000000       5.165125965926737E-005
   5.18961375000000        6.41022875000000       6.844220260388887E-005
   5.18961375000000        6.71538250000000       7.331282834978269E-005
   5.18961375000000        7.02053625000000       6.911228295187613E-005
   5.18961375000000        7.32569000000000       6.301334776120143E-005
   5.49476750000000       2.000000000000000E-003  2.029909536932890E-004
   5.49476750000000       0.307153750000000       1.955202642643595E-004
   5.49476750000000       0.612307500000000       1.596676283979685E-004
   5.49476750000000       0.917461250000000       5.269708268541745E-005
   5.49476750000000        1.22261500000000       3.986598087098885E-005
   5.49476750000000        1.52776875000000       2.380997218146112E-005
   5.49476750000000        1.83292250000000       8.429137414583589E-006
   5.49476750000000        2.13807625000000      -2.810301456444424E-006
   5.49476750000000        2.44323000000000      -8.267640704351724E-006
   5.49476750000000        2.74838375000000      -8.566546164508607E-006
   5.49476750000000        3.05353750000000      -6.042377830630812E-006
   5.49476750000000        3.35869125000000      -3.548922613348669E-006
   5.49476750000000        3.66384500000000      -3.167701574460975E-006
   5.49476750000000        3.96899875000000      -5.346127146668427E-006
   5.49476750000000        4.27415250000000      -8.778549330453617E-006
   5.49476750000000        4.57930625000000      -1.101699215467666E-005
   5.49476750000000        4.88446000000000      -9.511520457954224E-006
   5.49476750000000        5.18961375000000      -2.667174680265426E-006
   5.49476750000000        5.49476750000000       9.434397703604727E-006
   5.49476750000000        5.79992125000000       2.487711776647193E-005
   5.49476750000000        6.10507500000000       4.043299600300743E-005
   5.49476750000000        6.41022875000000       5.271811277883701E-005
   5.49476750000000        6.71538250000000       1.631974226324515E-004
   5.49476750000000        7.02053625000000       1.988335819561637E-004
   5.49476750000000        7.32569000000000       2.052976438141394E-004
   5.79992125000000       2.000000000000000E-003  1.887377783455479E-005
   5.79992125000000       0.307153750000000       5.162752377017501E-005
   5.79992125000000       0.612307500000000       8.206895927805949E-005
   5.79992125000000       0.917461250000000       8.160254281923270E-005
   5.79992125000000        1.22261500000000       5.839860814196241E-005
   5.79992125000000        1.52776875000000       2.354596946964286E-005
   5.79992125000000        1.83292250000000       2.390449580252408E-005
   5.79992125000000        2.13807625000000       2.608693715807625E-005
   5.79992125000000        2.44323000000000       2.945968421871146E-005
   5.79992125000000        2.74838375000000       3.328642721107314E-005
   5.79992125000000        3.05353750000000       3.664275696040721E-005
   5.79992125000000        3.35869125000000       3.850642889202405E-005
   5.79992125000000        3.66384500000000       3.820306003475518E-005
   5.79992125000000        3.96899875000000       3.588312974444831E-005
   5.79992125000000        4.27415250000000       3.252030533253298E-005
   5.79992125000000        4.57930625000000       2.931597024157438E-005
   5.79992125000000        4.88446000000000       2.698813296287116E-005
   5.79992125000000        5.18961375000000       2.557596835972042E-005
   5.79992125000000        5.49476750000000       2.489405987060519E-005
   5.79992125000000        5.79992125000000       2.510069153988821E-005
   5.79992125000000        6.10507500000000       6.104857935083803E-005
   5.79992125000000        6.41022875000000       8.491329427233989E-005
   5.79992125000000        6.71538250000000       8.528880554400505E-005
   5.79992125000000        7.02053625000000       5.390547182381808E-005
   5.79992125000000        7.32569000000000       1.947657023567135E-005
   6.10507500000000       2.000000000000000E-003 -5.229828349209504E-004
   6.10507500000000       0.307153750000000      -3.146607962217462E-004
   6.10507500000000       0.612307500000000      -1.965767278534164E-005
   6.10507500000000       0.917461250000000       5.593131933272315E-005
   6.10507500000000        1.22261500000000       5.307769700959804E-005
   6.10507500000000        1.52776875000000       5.909775642257731E-005
   6.10507500000000        1.83292250000000       4.023678339727487E-005
   6.10507500000000        2.13807625000000       5.309071391360082E-005
   6.10507500000000        2.44323000000000       6.131474391229333E-005
   6.10507500000000        2.74838375000000       6.449242857931165E-005
   6.10507500000000        3.05353750000000       6.400370712637252E-005
   6.10507500000000        3.35869125000000       1.731110732565490E-004
   6.10507500000000        3.66384500000000       2.096378828018177E-004
   6.10507500000000        3.96899875000000       1.647823504153553E-004
   6.10507500000000        4.27415250000000       5.894239601660265E-005
   6.10507500000000        4.57930625000000       5.940255047562497E-005
   6.10507500000000        4.88446000000000       5.777491105456280E-005
   6.10507500000000        5.18961375000000       5.173317788578713E-005
   6.10507500000000        5.49476750000000       4.067030190529903E-005
   6.10507500000000        5.79992125000000       6.166283649794323E-005
   6.10507500000000        6.10507500000000       5.612704188954929E-005
   6.10507500000000        6.41022875000000       5.868776819705920E-005
   6.10507500000000        6.71538250000000      -1.843190919386784E-005
   6.10507500000000        7.02053625000000      -3.162745097850789E-004
   6.10507500000000        7.32569000000000      -5.264026310424671E-004
   6.41022875000000       2.000000000000000E-003 -2.060663027167291E-003
   6.41022875000000       0.307153750000000      -8.941463021812247E-004
   6.41022875000000       0.612307500000000       5.501270942468860E-005
   6.41022875000000       0.917461250000000       1.010441094922113E-004
   6.41022875000000        1.22261500000000       5.634156867661099E-005
   6.41022875000000        1.52776875000000       8.267005920112608E-005
   6.41022875000000        1.83292250000000       5.342769518310300E-005
   6.41022875000000        2.13807625000000       7.093881233366151E-005
   6.41022875000000        2.44323000000000       7.726634621918885E-005
   6.41022875000000        2.74838375000000       7.282509333052871E-005
   6.41022875000000        3.05353750000000       1.665454639988584E-004
   6.41022875000000        3.35869125000000       4.128368657916563E-004
   6.41022875000000        3.66384500000000       5.531418940110545E-004
   6.41022875000000        3.96899875000000       3.884163675229540E-004
   6.41022875000000        4.27415250000000       1.398059247515334E-004
   6.41022875000000        4.57930625000000       6.754090673815790E-005
   6.41022875000000        4.88446000000000       7.338217719560675E-005
   6.41022875000000        5.18961375000000       6.909459734016500E-005
   6.41022875000000        5.49476750000000       5.328259784070770E-005
   6.41022875000000        5.79992125000000       8.579629831990729E-005
   6.41022875000000        6.10507500000000       5.901256581253169E-005
   6.41022875000000        6.41022875000000       1.011875236669254E-004
   6.41022875000000        6.71538250000000       5.005138079478941E-005
   6.41022875000000        7.02053625000000      -9.060257603953895E-004
   6.41022875000000        7.32569000000000      -2.071828315652192E-003
   6.71538250000000       2.000000000000000E-003 -6.631357527981462E-003
   6.71538250000000       0.307153750000000      -4.553384602142873E-004
   6.71538250000000       0.612307500000000       7.773366911188912E-004
   6.71538250000000       0.917461250000000       5.497095782927532E-005
   6.71538250000000        1.22261500000000      -1.940746737134147E-005
   6.71538250000000        1.52776875000000       8.291848414840189E-005
   6.71538250000000        1.83292250000000       1.612472161453490E-004
   6.71538250000000        2.13807625000000       7.619753676329038E-005
   6.71538250000000        2.44323000000000       7.392702299056883E-005
   6.71538250000000        2.74838375000000      -1.096667183335081E-004
   6.71538250000000        3.05353750000000      -9.551277921316992E-005
   6.71538250000000        3.35869125000000       5.414267874839586E-004
   6.71538250000000        3.66384500000000       1.193971413405317E-003
   6.71538250000000        3.96899875000000       4.804436958690121E-004
   6.71538250000000        4.27415250000000      -1.467454683143000E-004
   6.71538250000000        4.57930625000000      -1.363609923288652E-004
   6.71538250000000        4.88446000000000       7.074266497129924E-005
   6.71538250000000        5.18961375000000       7.460841701136599E-005
   6.71538250000000        5.49476750000000       1.644175776909615E-004
   6.71538250000000        5.79992125000000       8.583635989932538E-005
   6.71538250000000        6.10507500000000      -1.834791413987120E-005
   6.71538250000000        6.41022875000000       5.009060534882949E-005
   6.71538250000000        6.71538250000000       7.588631351447010E-004
   6.71538250000000        7.02053625000000      -4.949486971502561E-004
   6.71538250000000        7.32569000000000      -6.656521601580551E-003
   7.02053625000000       2.000000000000000E-003 -1.353498712766861E-002
   7.02053625000000       0.307153750000000       4.473406635052615E-003
   7.02053625000000       0.612307500000000      -4.535744092257255E-004
   7.02053625000000       0.917461250000000      -8.947116469452180E-004
   7.02053625000000        1.22261500000000      -3.152807018932251E-004
   7.02053625000000        1.52776875000000       5.182646755985698E-005
   7.02053625000000        1.83292250000000       1.966255331930346E-004
   7.02053625000000        2.13807625000000       7.147537270993487E-005
   7.02053625000000        2.44323000000000      -1.153152338606794E-004
   7.02053625000000        2.74838375000000      -5.724663748810472E-004
   7.02053625000000        3.05353750000000      -1.105990779097264E-003
   7.02053625000000        3.35869125000000      -4.586822817696810E-004
   7.02053625000000        3.66384500000000       1.633524766463458E-003
   7.02053625000000        3.96899875000000      -5.767122470188599E-004
   7.02053625000000        4.27415250000000      -1.170828532916376E-003
   7.02053625000000        4.57930625000000      -5.986046144946503E-004
   7.02053625000000        4.88446000000000      -1.236723754106683E-004
   7.02053625000000        5.18961375000000       7.088834402348291E-005
   7.02053625000000        5.49476750000000       1.994859476784494E-004
   7.02053625000000        5.79992125000000       5.366426114744159E-005
   7.02053625000000        6.10507500000000      -3.171770005988232E-004
   7.02053625000000        6.41022875000000      -9.062393174201043E-004
   7.02053625000000        6.71538250000000      -4.913463178303392E-004
   7.02053625000000        7.02053625000000       4.385755550445137E-003
   7.02053625000000        7.32569000000000      -1.360701692279220E-002
   7.32569000000000       2.000000000000000E-003  1.316551902721605E-002
   7.32569000000000       0.307153750000000      -1.353090892772321E-002
   7.32569000000000       0.612307500000000      -6.626609898276683E-003
   7.32569000000000       0.917461250000000      -2.061881313171175E-003
   7.32569000000000        1.22261500000000      -5.244777201756661E-004
   7.32569000000000        1.52776875000000       1.830357301896725E-005
   7.32569000000000        1.83292250000000       2.033964586870312E-004
   7.32569000000000        2.13807625000000       6.409268092234974E-005
   7.32569000000000        2.44323000000000      -1.767627013336643E-004
   7.32569000000000        2.74838375000000      -8.936314715196613E-004
   7.32569000000000        3.05353750000000      -2.189397890836425E-003
   7.32569000000000        3.35869125000000      -3.103906312613460E-003
   7.32569000000000        3.66384500000000      -1.847989310106912E-002
   7.32569000000000        3.96899875000000      -3.107957226407778E-003
   7.32569000000000        4.27415250000000      -2.200457078336002E-003
   7.32569000000000        4.57930625000000      -8.980257572886699E-004
   7.32569000000000        4.88446000000000      -1.764329052130393E-004
   7.32569000000000        5.18961375000000       6.490321365147345E-005
   7.32569000000000        5.49476750000000       2.052113811864529E-004
   7.32569000000000        5.79992125000000       1.837173787186493E-005
   7.32569000000000        6.10507500000000      -5.283741376826815E-004
   7.32569000000000        6.41022875000000      -2.072924906266584E-003
   7.32569000000000        6.71538250000000      -6.649154417878722E-003
   7.32569000000000        7.02053625000000      -1.359927897557465E-002
   7.32569000000000        7.32569000000000       1.329302179080175E-002
